# 
#  ['Tue Apr 29 15:56:21 PDT 2014'] 
# 
31.000 21.000 17.000 29.000 22.000
24.000 10.000 11.000 11.000 35.000
11.000 35.000 16.000 23.000 10.000
12.000 17.000 28.000 31.000 33.000
15.000 28.000 16.000 32.000 10.000
17.000 15.000 32.000 27.000 25.000
19.000 17.000 15.000 15.000 24.000
18.000 16.000 17.000 20.000 26.000
13.000 15.000 12.000 10.000 29.000
32.000 12.000 26.000 14.000 29.000
16.000 13.000 34.000 16.000 31.000
11.000 23.000 17.000 10.000 18.000
25.000 19.000 28.000 23.000 25.000
21.000 21.000 31.000 32.000 17.000
31.000 23.000 17.000 25.000 34.000
27.000 24.000 22.000 21.000 18.000
22.000 30.000 32.000 35.000 24.000
25.000 16.000 15.000 22.000 16.000
30.000 13.000 23.000 21.000 21.000
32.000 31.000 32.000 20.000 35.000
12.000 23.000 30.000 20.000 29.000
19.000 30.000 16.000 12.000 29.000
10.000 10.000 29.000 23.000 11.000
21.000 31.000 11.000 27.000 16.000
12.000 11.000 23.000 13.000 16.000
30.000 32.000 30.000 27.000 25.000
30.000 34.000 34.000 35.000 11.000
23.000 16.000 18.000 26.000 31.000
31.000 13.000 25.000 12.000 16.000
21.000 24.000 12.000 29.000 25.000
23.000 21.000 27.000 21.000 19.000
25.000 22.000 30.000 14.000 13.000
18.000 25.000 10.000 19.000 35.000
25.000 11.000 25.000 19.000 28.000
12.000 32.000 30.000 26.000 21.000
13.000 23.000 13.000 20.000 26.000
24.000 34.000 28.000 12.000 30.000
23.000 29.000 34.000 29.000 34.000
21.000 32.000 15.000 29.000 11.000
21.000 18.000 21.000 33.000 31.000
20.000 11.000 12.000 23.000 26.000
10.000 27.000 23.000 27.000 13.000
27.000 27.000 10.000 25.000 14.000
21.000 29.000 33.000 25.000 29.000
22.000 18.000 25.000 13.000 14.000
15.000 18.000 12.000 21.000 12.000
23.000 31.000 34.000 35.000 31.000
27.000 16.000 18.000 34.000 12.000
23.000 13.000 35.000 31.000 13.000
15.000 28.000 10.000 27.000 27.000
31.000 11.000 29.000 23.000 24.000
11.000 17.000 10.000 10.000 16.000
22.000 12.000 24.000 16.000 13.000
28.000 22.000 22.000 17.000 20.000
35.000 18.000 16.000 34.000 14.000
21.000 33.000 17.000 11.000 32.000
17.000 35.000 23.000 22.000 23.000
20.000 24.000 20.000 30.000 25.000
11.000 10.000 16.000 18.000 15.000
17.000 15.000 21.000 14.000 29.000
24.000 12.000 10.000 15.000 12.000
12.000 35.000 18.000 18.000 23.000
12.000 22.000 14.000 29.000 24.000
32.000 20.000 18.000 35.000 20.000
10.000 32.000 34.000 33.000 30.000
22.000 10.000 18.000 19.000 19.000
30.000 34.000 15.000 13.000 17.000
25.000 25.000 35.000 17.000 17.000
30.000 24.000 11.000 18.000 29.000
24.000 32.000 15.000 23.000 17.000
12.000 31.000 27.000 31.000 15.000
22.000 30.000 11.000 16.000 26.000
29.000 29.000 30.000 18.000 35.000
18.000 12.000 25.000 35.000 26.000
29.000 26.000 18.000 13.000 23.000
12.000 24.000 28.000 34.000 12.000
35.000 34.000 24.000 23.000 25.000
34.000 29.000 12.000 12.000 35.000
23.000 14.000 18.000 20.000 16.000
12.000 20.000 15.000 27.000 17.000
11.000 25.000 23.000 27.000 13.000
23.000 32.000 26.000 11.000 19.000
13.000 23.000 14.000 12.000 35.000
24.000 19.000 29.000 35.000 28.000
10.000 21.000 23.000 34.000 24.000
25.000 19.000 15.000 34.000 19.000
20.000 22.000 34.000 24.000 31.000
23.000 17.000 32.000 18.000 11.000
11.000 20.000 25.000 14.000 21.000
11.000 15.000 35.000 18.000 14.000
14.000 33.000 25.000 23.000 10.000
34.000 11.000 22.000 16.000 32.000
29.000 14.000 11.000 10.000 22.000
10.000 22.000 30.000 18.000 17.000
29.000 28.000 25.000 16.000 34.000
10.000 31.000 21.000 14.000 18.000
11.000 21.000 32.000 21.000 31.000
18.000 16.000 22.000 31.000 22.000
35.000 22.000 19.000 20.000 24.000
35.000 17.000 12.000 12.000 20.000
